(10000, 3, 5036, 5049, 5063, 5078)
(10001, 25, 5079, 5064, 5050, 5037, 5024, 5009)
(10002, 14, 5040, 5055, 5069, 5083, 5097)
(10003, 84, 5012, 5027, 5039, 5053, 5059, 5066, 5073, 5072, 5071, 5078)
(10004, 65, 5032, 5033, 5039, 5053, 5067, 5082, 5095)
(10005, 31, 5059, 5058, 5051, 5038, 5025, 5010)
(10006, 4, 5058, 5051, 5038, 5025, 5010)
(10007, 63, 5089, 5083, 5069, 5055, 5040, 5029)
(10008, 50, 5034, 5040, 5055, 5069, 5083, 5089, 5096)
(10009, 64, 5051, 5038, 5031, 5024, 5016, 5008)
(10010, 76, 5092, 5079, 5064, 5050, 5037, 5024, 5017, 5018, 5019, 5020, 5013)
(10011, 68, 5037, 5043, 5051, 5058, 5066, 5074, 5082, 5088, 5096)
(10012, 35, 5058, 5051, 5038, 5025, 5010, 5002)
(10013, 81, 5034, 5040, 5055, 5061, 5060, 5059, 5058, 5065, 5072, 5071, 5070, 5077, 5090)
(10014, 37, 5030, 5036, 5049, 5063, 5071, 5072, 5080, 5087)
(10015, 6, 5090, 5077, 5062, 5048)
(10016, 32, 5036, 5049, 5063, 5071, 5072, 5080, 5087)
(10017, 84, 5068, 5054, 5046, 5039, 5027, 5019, 5018, 5010, 5002, 5001)
(10018, 6, 5012, 5027, 5039, 5046, 5054, 5068)
(10019, 29, 5048, 5035, 5022, 5007)
(10020, 60, 5008, 5023, 5036, 5049, 5063, 5078, 5091)
(10021, 18, 5047, 5055, 5069, 5083, 5097)
(10022, 76, 5014, 5029, 5040, 5055, 5069, 5083, 5089, 5096)
(10023, 46, 5000, 5008, 5023, 5036, 5049, 5063)
(10024, 17, 5052, 5066, 5081, 5094)
(10025, 93, 5081, 5066, 5058, 5051, 5038, 5025, 5010, 5002, 5001, 5000)
(10026, 5, 5009, 5024, 5037, 5050)
(10027, 38, 5013, 5020, 5027, 5039, 5053, 5067)
(10028, 43, 5049, 5041, 5035, 5022, 5007)
(10029, 25, 5033, 5039, 5053, 5067, 5082, 5095)
(10030, 47, 5051, 5038, 5025, 5010, 5002)
(10031, 74, 5007, 5022, 5030, 5036, 5049, 5063, 5071, 5072, 5080, 5087, 5094)
(10032, 12, 5037, 5042, 5049, 5056, 5062, 5077, 5090)
(10033, 74, 5081, 5073, 5072, 5071, 5063, 5049, 5041, 5035, 5022, 5007)
(10034, 66, 5086, 5079, 5064, 5050, 5037, 5024, 5016)
(10035, 24, 5058, 5051, 5038, 5025, 5010, 5002)
(10036, 31, 5092, 5079, 5064, 5050, 5037, 5024, 5017)
(10037, 61, 5019, 5018, 5025, 5031, 5037, 5042, 5049, 5056, 5062, 5077)
(10038, 25, 5010, 5025, 5031, 5037, 5042, 5049, 5056, 5062)
(10039, 69, 5055, 5040, 5029, 5021, 5020, 5019, 5018, 5010, 5002, 5001)
(10040, 50, 5103, 5102, 5101, 5100, 5092, 5079, 5064, 5050)
(10041, 49, 5049, 5063, 5071, 5072, 5073, 5074, 5082, 5088, 5096)
(10042, 47, 5066, 5058, 5051, 5038, 5025, 5010)
(10043, 50, 5034, 5040, 5055, 5069, 5083, 5089)
(10044, 31, 5055, 5069, 5083, 5097)
(10045, 51, 5089, 5088, 5082, 5067, 5059, 5058, 5051, 5038)
(10046, 91, 5087, 5081, 5066, 5058, 5051, 5038, 5025, 5010, 5003)
(10047, 71, 5094, 5081, 5066, 5052, 5045, 5039, 5027)
(10048, 56, 5068, 5054, 5046, 5039, 5027, 5019, 5018, 5010)
(10049, 65, 5079, 5064, 5050, 5037, 5024, 5017, 5018, 5019, 5020, 5013)
(10050, 95, 5011, 5019, 5027, 5039, 5053, 5060, 5061, 5069)
(10051, 56, 5102, 5101, 5100, 5092, 5079, 5071, 5063, 5049)
(10052, 45, 5036, 5049, 5063, 5071, 5079, 5092)
(10053, 68, 5062, 5056, 5049, 5042, 5037, 5024, 5017, 5018, 5019, 5012)
(10054, 32, 5049, 5041, 5035, 5022, 5015, 5008)
(10055, 36, 5019, 5027, 5039, 5053, 5067, 5075)
(10056, 74, 5025, 5032, 5033, 5039, 5053, 5067, 5082)
(10057, 28, 5006, 5013, 5020, 5027, 5039, 5053, 5059, 5066)
(10058, 6, 5091, 5078, 5063, 5049, 5041, 5035)
(10059, 92, 5054, 5046, 5039, 5033, 5032, 5031, 5024, 5016, 5008, 5000)
(10060, 32, 5076, 5069, 5055, 5040, 5029, 5014)
(10061, 48, 5050, 5042, 5041, 5035, 5022, 5007)
(10062, 29, 5050, 5042, 5041, 5035, 5022, 5007)
(10063, 45, 5067, 5059, 5058, 5051, 5038, 5025, 5010)
(10064, 79, 5081, 5074, 5067, 5060, 5054, 5047, 5040, 5029)
(10065, 7, 5022, 5035, 5048, 5062, 5077)
(10066, 15, 5063, 5049, 5041, 5035, 5022)
(10067, 12, 5035, 5048, 5062, 5077, 5090)
(10068, 7, 5045, 5053, 5067, 5082, 5088, 5089, 5097)
(10069, 61, 5051, 5038, 5025, 5010, 5002, 5001, 5000)
(10070, 82, 5096, 5088, 5082, 5067, 5060, 5054, 5046, 5039)
(10071, 55, 5065, 5051, 5038, 5025, 5010)
(10072, 42, 5065, 5051, 5038, 5025, 5010, 5003)
(10073, 73, 5088, 5082, 5067, 5059, 5058, 5051, 5038, 5031, 5024)
(10074, 40, 5045, 5053, 5067, 5082, 5088, 5089, 5097)
(10075, 69, 5077, 5062, 5056, 5049, 5042, 5037, 5024, 5017, 5010)
(10076, 12, 5065, 5051, 5038, 5025, 5010)
(10077, 30, 5043, 5051, 5058, 5066, 5074, 5082, 5095)
(10078, 61, 5030, 5036, 5042, 5043, 5051, 5058, 5066, 5074, 5082, 5088, 5096)
(10079, 64, 5065, 5051, 5044, 5045, 5039, 5027, 5020, 5013, 5006)
(10080, 10, 5077, 5062, 5048, 5035)
(10081, 50, 5051, 5058, 5066, 5081, 5094)
(10082, 1, 5036, 5049, 5063, 5078, 5091)
(10083, 43, 5043, 5051, 5058, 5066, 5074, 5082, 5095)
(10084, 12, 5041, 5049, 5063, 5071, 5072, 5080, 5093)
(10085, 51, 5059, 5058, 5051, 5038, 5025, 5010, 5002, 5001)
(10086, 87, 5090, 5077, 5062, 5056, 5049, 5042, 5037, 5024, 5017, 5018)
(10087, 54, 5049, 5063, 5071, 5072, 5073, 5074, 5082, 5088, 5089, 5097)
(10088, 3, 5039, 5053, 5067, 5082, 5088, 5089)
(10089, 19, 5062, 5048, 5035, 5022)
(10090, 48, 5037, 5043, 5051, 5065, 5080, 5093)
(10091, 33, 5039, 5053, 5067, 5082, 5088, 5089, 5097)
(10092, 81, 5013, 5020, 5027, 5039, 5053, 5059, 5066, 5073, 5072, 5071, 5070)
(10093, 75, 5038, 5044, 5045, 5053, 5067, 5082, 5088, 5096)
(10094, 52, 5041, 5049, 5063, 5078, 5085, 5092)
(10095, 23, 5062, 5048, 5035, 5022, 5007)
(10096, 73, 5092, 5079, 5064, 5050, 5037, 5024, 5017, 5010, 5003)
(10097, 62, 5063, 5049, 5042, 5037, 5024, 5017, 5018, 5019, 5020, 5013)
(10098, 65, 5021, 5020, 5019, 5018, 5025, 5038, 5051, 5065, 5080, 5093)
(10099, 4, 5015, 5023, 5036, 5049, 5063)
(10100, 94, 5068, 5054, 5046, 5039, 5027, 5019, 5018, 5010, 5002, 5001, 5000)
(10101, 87, 5088, 5082, 5067, 5059, 5058, 5051, 5038, 5031, 5024, 5016, 5023)
(10102, 50, 5088, 5082, 5067, 5059, 5058, 5051, 5038, 5031)
(10103, 50, 5005, 5006, 5014, 5029, 5040, 5055)
(10104, 27, 5007, 5022, 5035, 5048, 5062, 5077)
(10105, 81, 5072, 5064, 5050, 5037, 5024, 5009)
(10106, 67, 5040, 5055, 5061, 5060, 5067, 5082, 5095, 5102)
(10107, 41, 5050, 5042, 5041, 5035, 5022, 5007)
(10108, 62, 5049, 5063, 5071, 5072, 5080, 5087, 5094)
(10109, 49, 5047, 5055, 5069, 5083, 5097)
(10110, 90, 5102, 5094, 5081, 5066, 5058, 5051, 5038, 5031, 5024, 5016, 5008)
(10111, 73, 5088, 5082, 5067, 5059, 5058, 5051, 5038, 5031, 5024)
(10112, 31, 5100, 5092, 5079, 5064, 5050, 5037)
(10113, 48, 5050, 5042, 5041, 5035, 5022, 5007)
(10114, 10, 5046, 5053, 5067, 5082, 5088, 5096)
(10115, 5, 5023, 5036, 5049, 5063, 5078)
(10116, 38, 5069, 5055, 5040, 5029, 5014, 5006)
(10117, 68, 5095, 5082, 5067, 5060, 5054, 5046, 5039, 5033)
(10118, 66, 5096, 5088, 5082, 5067, 5060, 5054, 5046, 5039)
(10119, 29, 5050, 5037, 5024, 5009)
(10120, 15, 5076, 5069, 5055, 5040, 5029, 5014, 5006)
(10121, 44, 5038, 5044, 5045, 5053, 5067, 5082, 5088, 5089, 5097)
(10122, 69, 5100, 5092, 5079, 5071, 5063, 5049, 5041, 5035, 5022, 5007)
(10123, 25, 5032, 5033, 5039, 5053, 5067, 5082)
(10124, 82, 5055, 5047, 5046, 5039, 5033, 5032, 5031, 5024, 5016, 5008)
(10125, 15, 5038, 5051, 5065, 5072, 5079, 5092)
(10126, 50, 5063, 5049, 5041, 5035, 5022, 5015)
(10127, 78, 5003, 5010, 5025, 5038, 5051, 5065, 5072, 5071, 5078)
(10128, 74, 5036, 5042, 5043, 5051, 5058, 5066, 5074, 5082, 5088, 5096)
(10129, 7, 5045, 5053, 5067, 5082, 5088, 5089, 5097)
(10130, 79, 5031, 5032, 5033, 5039, 5053, 5067, 5082, 5088, 5089, 5097)
(10131, 73, 5066, 5058, 5051, 5038, 5031, 5024)
(10132, 11, 5025, 5038, 5051, 5065, 5080, 5093)
(10133, 60, 5054, 5046, 5039, 5027, 5012)
(10134, 6, 5022, 5035, 5048, 5062, 5077)
(10135, 53, 5038, 5051, 5058, 5066, 5081, 5094)
(10136, 93, 5013, 5020, 5027, 5039, 5053, 5059, 5066, 5073, 5072, 5071)
(10137, 101, 5034, 5040, 5055, 5061, 5060, 5059, 5066, 5073, 5072, 5079, 5092, 5099, 5098)
(10138, 29, 5027, 5039, 5053, 5067)
(10139, 98, 5062, 5056, 5049, 5042, 5043, 5044, 5045, 5039, 5027, 5012)
(10140, 52, 5067, 5059, 5058, 5051, 5038, 5031, 5024, 5016, 5015)
(10141, 51, 5030, 5036, 5049, 5063, 5071, 5079, 5092)
(10142, 75, 5007, 5022, 5035, 5048, 5062, 5077, 5090)
(10143, 60, 5089, 5088, 5082, 5067, 5059, 5058, 5051, 5038, 5025, 5010)
(10144, 82, 5020, 5027, 5039, 5053, 5067, 5082, 5088, 5096)
(10145, 31, 5100, 5092, 5079, 5064, 5050, 5043)
(10146, 74, 5051, 5038, 5031, 5024, 5016, 5008, 5000)
(10147, 51, 5038, 5044, 5045, 5053, 5067, 5082, 5088)
(10148, 3, 5010, 5025, 5038, 5051)
(10149, 93, 5069, 5055, 5047, 5046, 5039, 5033, 5032, 5031, 5024)
(10150, 4, 5051, 5038, 5025, 5010)
(10151, 4, 5036, 5049, 5063, 5070, 5077, 5090)
(10152, 76, 5013, 5020, 5019, 5018, 5025, 5038, 5051, 5065, 5072, 5079)
(10153, 35, 5032, 5033, 5039, 5053, 5067, 5082, 5095)
(10154, 65, 5002, 5010, 5025, 5032, 5033, 5039, 5053, 5060)
(10155, 88, 5008, 5023, 5036, 5049, 5063, 5071, 5072, 5080, 5087)
(10156, 67, 5062, 5048, 5041, 5042, 5037, 5024, 5017, 5010, 5003)
(10157, 36, 5009, 5024, 5037, 5050)
(10158, 89, 5079, 5064, 5050, 5037, 5024, 5017, 5018, 5019, 5020, 5013)
(10159, 92, 5077, 5062, 5048, 5041, 5042, 5043, 5038, 5025, 5018, 5019, 5020, 5021, 5014)
(10160, 76, 5027, 5039, 5053, 5059, 5066, 5073, 5072, 5071, 5078, 5091)
(10161, 63, 5002, 5010, 5025, 5038, 5051, 5058, 5066)
(10162, 44, 5040, 5055, 5069, 5083, 5097)
(10163, 24, 5092, 5079, 5071, 5063, 5049, 5041, 5035, 5030)
(10164, 16, 5049, 5041, 5035, 5022, 5007)
(10165, 22, 5050, 5037, 5024, 5016, 5008)
(10166, 88, 5097, 5089, 5088, 5082, 5067, 5059, 5058, 5051, 5038, 5025, 5010)
(10167, 50, 5019, 5018, 5025, 5031, 5037, 5042, 5049, 5056, 5062, 5077)
(10168, 40, 5053, 5067, 5082, 5088, 5089, 5097)
(10169, 54, 5088, 5082, 5067, 5060, 5054, 5046, 5039, 5027, 5019)
(10170, 74, 5058, 5051, 5038, 5025, 5010, 5002, 5001)
(10171, 40, 5019, 5027, 5039, 5053, 5067, 5075, 5076)
(10172, 24, 5030, 5036, 5049, 5063, 5071, 5072, 5080)
(10173, 54, 5019, 5018, 5025, 5031, 5037, 5042, 5049, 5056, 5062, 5077)
(10174, 22, 5071, 5063, 5049, 5041, 5035, 5022)
(10175, 59, 5037, 5050, 5064, 5079, 5092, 5100)
(10176, 79, 5086, 5079, 5071, 5063, 5049, 5041, 5035, 5030)
(10177, 93, 5007, 5022, 5030, 5036, 5049, 5063, 5071, 5072, 5073, 5074, 5082, 5088, 5089, 5097)
(10178, 26, 5013, 5020, 5027, 5039, 5053, 5060)
(10179, 72, 5059, 5058, 5051, 5038, 5025, 5010, 5002)
(10180, 41, 5048, 5035, 5022, 5007)
(10181, 81, 5094, 5081, 5073, 5072, 5071, 5063, 5049, 5041, 5035, 5022)
(10182, 75, 5077, 5062, 5056, 5049, 5042, 5037, 5024, 5017, 5010)
(10183, 62, 5020, 5027, 5039, 5053, 5067, 5082)
(10184, 78, 5081, 5073, 5072, 5071, 5063, 5049, 5041, 5035, 5022, 5007)
(10185, 10, 5036, 5049, 5063, 5078)
(10186, 14, 5053, 5067, 5082, 5088, 5089, 5097)
(10187, 27, 5025, 5038, 5051, 5065, 5080, 5087)
(10188, 35, 5007, 5022, 5030, 5036, 5049, 5063, 5071, 5079)
(10189, 56, 5051, 5058, 5066, 5074, 5082, 5088, 5096)
(10190, 75, 5038, 5044, 5045, 5053, 5067, 5082, 5088, 5089)
(10191, 17, 5054, 5068, 5076, 5083, 5097)
(10192, 20, 5087, 5081, 5066, 5058, 5051, 5038, 5025)
(10193, 9, 5054, 5046, 5039, 5027, 5012)
(10194, 83, 5022, 5030, 5036, 5049, 5063, 5071, 5072, 5073, 5074, 5082, 5088, 5089, 5097)
(10195, 51, 5091, 5078, 5063, 5049, 5041, 5035)
(10196, 17, 5034, 5040, 5055, 5069, 5083)
(10197, 63, 5049, 5063, 5071, 5072, 5080, 5087, 5094, 5102)
(10198, 23, 5053, 5067, 5082, 5088, 5089, 5097)
(10199, 3, 5002, 5010, 5025, 5038, 5051)
(10200, 21, 5065, 5051, 5038, 5025, 5018, 5019, 5012)
(10201, 21, 5056, 5048, 5035, 5030, 5023, 5008)
(10202, 23, 5069, 5055, 5040, 5029, 5014)
(10203, 8, 5048, 5035, 5022, 5007)
(10204, 41, 5077, 5062, 5056, 5049, 5042, 5037, 5024)
(10205, 65, 5097, 5083, 5069, 5055, 5040, 5029, 5014)
(10206, 67, 5092, 5079, 5064, 5050, 5037, 5024, 5017, 5018, 5019, 5020)
(10207, 15, 5062, 5048, 5035, 5022, 5007)
(10208, 85, 5104, 5103, 5102, 5101, 5100, 5092, 5079, 5071, 5063, 5049, 5041, 5035)
(10209, 21, 5065, 5051, 5038, 5025, 5010, 5002)
(10210, 67, 5041, 5049, 5063, 5071, 5072, 5073, 5074, 5082, 5088, 5089, 5097)
(10211, 15, 5023, 5036, 5049, 5063, 5071, 5072, 5073)
(10212, 68, 5049, 5063, 5071, 5072, 5080, 5087, 5094, 5102)
(10213, 11, 5062, 5048, 5035, 5022, 5007)
(10214, 24, 5014, 5029, 5040, 5055, 5069, 5076)
(10215, 23, 5055, 5069, 5083, 5097)
(10216, 90, 5062, 5048, 5041, 5042, 5037, 5024, 5017, 5018, 5019, 5020, 5013)
(10217, 97, 5022, 5030, 5036, 5049, 5063, 5071, 5072, 5073, 5074, 5075)
(10218, 85, 5055, 5047, 5046, 5039, 5033, 5032, 5025, 5010, 5002)
(10219, 62, 5010, 5018, 5019, 5027, 5039, 5053, 5067, 5082, 5088, 5096)
(10220, 59, 5021, 5020, 5019, 5018, 5025, 5031, 5037, 5042, 5049, 5063, 5078)
(10221, 56, 5051, 5038, 5025, 5010, 5002, 5001)
(10222, 90, 5103, 5102, 5101, 5100, 5099, 5091, 5078, 5063, 5049, 5041)
(10223, 22, 5048, 5062, 5077, 5084, 5085, 5092)
(10224, 38, 5017, 5018, 5019, 5027, 5039, 5046, 5054, 5068)
(10225, 44, 5091, 5078, 5063, 5049, 5041, 5035, 5022)
(10226, 37, 5012, 5019, 5018, 5025, 5038, 5051, 5065, 5080)
(10227, 96, 5081, 5073, 5072, 5071, 5063, 5049, 5041, 5035, 5022, 5007)
(10228, 88, 5021, 5020, 5027, 5039, 5053, 5067, 5082, 5095)
(10229, 18, 5094, 5081, 5066, 5052, 5045, 5039)
(10230, 79, 5082, 5067, 5060, 5054, 5046, 5039, 5027, 5020, 5013)
(10231, 88, 5004, 5003, 5010, 5025, 5038, 5051, 5065, 5080, 5093, 5100)
(10232, 92, 5103, 5102, 5094, 5081, 5073, 5072, 5071, 5063, 5049, 5041, 5035, 5030)
(10233, 29, 5036, 5049, 5063, 5071, 5072, 5073, 5074, 5082, 5088)
(10234, 36, 5050, 5037, 5024, 5016, 5008)
(10235, 96, 5104, 5103, 5102, 5101, 5100, 5099, 5091, 5078, 5063, 5049, 5041, 5035)
(10236, 84, 5006, 5013, 5020, 5027, 5039, 5053, 5059, 5066, 5073, 5072, 5071, 5070, 5077)
(10237, 58, 5049, 5063, 5071, 5072, 5080, 5087, 5094)
(10238, 37, 5037, 5043, 5051, 5065, 5080)
(10239, 57, 5002, 5010, 5025, 5032, 5033, 5039, 5053, 5067, 5082)
(10240, 60, 5013, 5020, 5019, 5018, 5025, 5038, 5051, 5065, 5072, 5071, 5078)
(10241, 80, 5019, 5018, 5025, 5038, 5051, 5065, 5080, 5093, 5100, 5099)
(10242, 83, 5017, 5025, 5032, 5033, 5039, 5053, 5067, 5082, 5088, 5096)
(10243, 55, 5030, 5036, 5042, 5043, 5044, 5045, 5053, 5067, 5082, 5088, 5096)
(10244, 94, 5090, 5077, 5062, 5048, 5035, 5022, 5015, 5008, 5001)
(10245, 77, 5079, 5072, 5073, 5066, 5059, 5060, 5061, 5055, 5040, 5029)
(10246, 87, 5023, 5036, 5049, 5063, 5071, 5072, 5073, 5074, 5075, 5076)
(10247, 38, 5011, 5019, 5027, 5039, 5053, 5067)
(10248, 17, 5039, 5053, 5067, 5082, 5095)
(10249, 45, 5072, 5064, 5050, 5037, 5024, 5016, 5008)
(10250, 27, 5037, 5042, 5049, 5056, 5062, 5077, 5090)
(10251, 34, 5053, 5067, 5082, 5088, 5089, 5097)
(10252, 82, 5010, 5025, 5038, 5051, 5058, 5066, 5081, 5094)
(10253, 17, 5054, 5046, 5039, 5027, 5020, 5013)
(10254, 15, 5036, 5042, 5043, 5051, 5058, 5066, 5074, 5082)
(10255, 72, 5034, 5040, 5055, 5069, 5083, 5097)
(10256, 93, 5034, 5040, 5055, 5061, 5060, 5059, 5066, 5073, 5072, 5079, 5092, 5099, 5098)
(10257, 38, 5019, 5027, 5039, 5045, 5052, 5066)
(10258, 81, 5021, 5020, 5019, 5018, 5025, 5031, 5037, 5042, 5041, 5048, 5062, 5077)
(10259, 43, 5049, 5041, 5035, 5022, 5015, 5008)
(10260, 90, 5022, 5030, 5036, 5049, 5063, 5071, 5072, 5073, 5074, 5082, 5088, 5096)
(10261, 52, 5094, 5081, 5066, 5052, 5045, 5039, 5027, 5020, 5021)
(10262, 87, 5088, 5082, 5067, 5059, 5058, 5051, 5038, 5031, 5024, 5016)
(10263, 26, 5043, 5051, 5058, 5066, 5081, 5094)
(10264, 60, 5023, 5036, 5049, 5063, 5071, 5079, 5092)
(10265, 51, 5020, 5019, 5018, 5025, 5038, 5051, 5065, 5080)
(10266, 74, 5087, 5081, 5066, 5052, 5045, 5039, 5027)
(10267, 33, 5053, 5067, 5082, 5088, 5096)
(10268, 60, 5002, 5010, 5025, 5032, 5033, 5039, 5053)
(10269, 72, 5039, 5045, 5052, 5058, 5065, 5072, 5071, 5070, 5077, 5090)
(10270, 70, 5008, 5023, 5036, 5049, 5063, 5071, 5072, 5073, 5074, 5082)
(10271, 52, 5033, 5039, 5053, 5067, 5082, 5088)
(10272, 77, 5091, 5078, 5063, 5049, 5042, 5037, 5024)
(10273, 100, 5062, 5056, 5049, 5042, 5043, 5044, 5045, 5039, 5027, 5020, 5013)
(10274, 14, 5055, 5069, 5083, 5097)
(10275, 10, 5071, 5063, 5049, 5041, 5035, 5022)
(10276, 76, 5040, 5055, 5061, 5060, 5059, 5058, 5065, 5072, 5079, 5092)
(10277, 29, 5048, 5035, 5022, 5007)
(10278, 39, 5048, 5062, 5077, 5084, 5091)
(10279, 60, 5088, 5082, 5067, 5060, 5054, 5046, 5039, 5033)
(10280, 53, 5023, 5036, 5049, 5063, 5071, 5079, 5092, 5100)
(10281, 67, 5094, 5081, 5073, 5072, 5071, 5063, 5049, 5041)
(10282, 23, 5035, 5048, 5062, 5077)
(10283, 76, 5023, 5036, 5049, 5063, 5071, 5072, 5073, 5074, 5082, 5088)
(10284, 78, 5032, 5031, 5037, 5042, 5049, 5063, 5078, 5091)
(10285, 100, 5006, 5013, 5020, 5019, 5018, 5025, 5038, 5051, 5065, 5072, 5071, 5078, 5091)
(10286, 48, 5083, 5069, 5055, 5040, 5029, 5021)
(10287, 78, 5020, 5019, 5018, 5025, 5031, 5037, 5042, 5049, 5063, 5078, 5091)
(10288, 61, 5049, 5063, 5071, 5072, 5073, 5074, 5082, 5088, 5089, 5097)
(10289, 35, 5023, 5036, 5049, 5063, 5070, 5077)
(10290, 36, 5076, 5069, 5055, 5040, 5029, 5014)
(10291, 45, 5068, 5054, 5046, 5039, 5033, 5032, 5025)
(10292, 44, 5055, 5069, 5083, 5097)
(10293, 50, 5049, 5041, 5035, 5022, 5015, 5008)
(10294, 63, 5051, 5058, 5066, 5074, 5082, 5088, 5089, 5097)
(10295, 81, 5081, 5066, 5058, 5051, 5038, 5025, 5010)
(10296, 96, 5013, 5020, 5027, 5039, 5053, 5067, 5082, 5095, 5102, 5101)
(10297, 93, 5022, 5030, 5036, 5049, 5063, 5071, 5072, 5080, 5087, 5094, 5102)
(10298, 55, 5047, 5055, 5069, 5083, 5097)
(10299, 13, 5053, 5067, 5082, 5088, 5089, 5097)
(10300, 74, 5102, 5094, 5081, 5066, 5052, 5045, 5039)
(10301, 43, 5081, 5066, 5058, 5051, 5038, 5025)
(10302, 40, 5039, 5053, 5067, 5082, 5088, 5096)
(10303, 50, 5029, 5040, 5055, 5069, 5083, 5089, 5096)
(10304, 21, 5012, 5027, 5039, 5053)
(10305, 42, 5095, 5082, 5067, 5060, 5061, 5055, 5040, 5034)
(10306, 57, 5056, 5048, 5035, 5030, 5023, 5008)
(10307, 78, 5104, 5103, 5102, 5094, 5081, 5073, 5072, 5071, 5063, 5049, 5041)
(10308, 51, 5018, 5025, 5038, 5051, 5065, 5072, 5079, 5092)
(10309, 2, 5019, 5027, 5039, 5053, 5067)
(10310, 12, 5050, 5037, 5024, 5016, 5008, 5000)
(10311, 82, 5025, 5038, 5051, 5065, 5072, 5071, 5078)
(10312, 2, 5055, 5069, 5083, 5097)
(10313, 48, 5064, 5050, 5037, 5024, 5017, 5010)
(10314, 24, 5039, 5053, 5067, 5082, 5088)
(10315, 90, 5058, 5051, 5038, 5031, 5024, 5016, 5008, 5000)
(10316, 38, 5033, 5039, 5053, 5067, 5082, 5095)
(10317, 30, 5082, 5067, 5060, 5054, 5046, 5039, 5027, 5020)
(10318, 71, 5081, 5066, 5058, 5051, 5038, 5025, 5010)
(10319, 49, 5049, 5063, 5071, 5072, 5073, 5074, 5082, 5088, 5096)
(10320, 41, 5066, 5052, 5045, 5039, 5027, 5020, 5013)
(10321, 69, 5090, 5077, 5062, 5056, 5049, 5042, 5037, 5024, 5009)
(10322, 25, 5102, 5094, 5081, 5066, 5058, 5051)
(10323, 41, 5011, 5019, 5027, 5039, 5053, 5067)
(10324, 92, 5020, 5027, 5039, 5053, 5059, 5066, 5081, 5087, 5093, 5100, 5099)
(10325, 57, 5041, 5049, 5063, 5071, 5072, 5080, 5087, 5094)
(10326, 33, 5062, 5048, 5035, 5022)
(10327, 49, 5048, 5035, 5022, 5007)
(10328, 61, 5037, 5043, 5051, 5058, 5066, 5081, 5094)
(10329, 68, 5096, 5088, 5082, 5067, 5060, 5054, 5046, 5039, 5027, 5019, 5011)
(10330, 41, 5067, 5060, 5061, 5055, 5040, 5029, 5014)
(10331, 15, 5033, 5039, 5053, 5067, 5082, 5088, 5096)
(10332, 40, 5012, 5027, 5039, 5053, 5067, 5082, 5095)
(10333, 81, 5091, 5078, 5063, 5049, 5042, 5037, 5024, 5017, 5018, 5019, 5012)
(10334, 72, 5076, 5068, 5054, 5046, 5039, 5027, 5019, 5018, 5010, 5002)
(10335, 98, 5069, 5055, 5047, 5046, 5039, 5033, 5032, 5025, 5010, 5002)
(10336, 12, 5049, 5041, 5035, 5022, 5007)
(10337, 60, 5013, 5020, 5019, 5018, 5025, 5038, 5051, 5065, 5080)
(10338, 5, 5045, 5053, 5067, 5082, 5095)
(10339, 15, 5029, 5040, 5055, 5069, 5083, 5089)
(10340, 48, 5050, 5037, 5024, 5016, 5008)
(10341, 65, 5064, 5050, 5037, 5024, 5016)
(10342, 83, 5021, 5020, 5027, 5039, 5053, 5059, 5066, 5073, 5072, 5071, 5070, 5077)
(10343, 55, 5048, 5035, 5022, 5007)
(10344, 92, 5088, 5082, 5067, 5059, 5058, 5051, 5038, 5031, 5024, 5016)
(10345, 2, 5054, 5046, 5039, 5027, 5012)
(10346, 21, 5063, 5049, 5041, 5035, 5022)
(10347, 98, 5062, 5056, 5049, 5042, 5043, 5044, 5045, 5039, 5027, 5020, 5013)
(10348, 84, 5097, 5089, 5088, 5082, 5067, 5059, 5058, 5051, 5038, 5025, 5010)
(10349, 40, 5058, 5051, 5038, 5025, 5010, 5003)
(10350, 35, 5092, 5079, 5064, 5050, 5043, 5038)
(10351, 76, 5081, 5073, 5072, 5064, 5050, 5037, 5024)
(10352, 91, 5103, 5102, 5094, 5081, 5073, 5072, 5071, 5063, 5049, 5041, 5035)
(10353, 21, 5096, 5088, 5082, 5067, 5060, 5054)
(10354, 83, 5055, 5040, 5029, 5021, 5020, 5019, 5018, 5010, 5002, 5001, 5000)
(10355, 43, 5013, 5020, 5027, 5039, 5053, 5067, 5082, 5095)
(10356, 20, 5055, 5069, 5083, 5097)
(10357, 100, 5007, 5022, 5030, 5036, 5049, 5063, 5071, 5072, 5080, 5087, 5094)
(10358, 25, 5031, 5037, 5042, 5049, 5063, 5078, 5091)
(10359, 44, 5062, 5048, 5041, 5042, 5037, 5024, 5017, 5010)
(10360, 60, 5087, 5086, 5079, 5071, 5063, 5049, 5041, 5035, 5022)
(10361, 15, 5097, 5083, 5069, 5055, 5047)
(10362, 51, 5065, 5051, 5044, 5045, 5039, 5027, 5012)
(10363, 2, 5054, 5046, 5039, 5027, 5012)
(10364, 58, 5038, 5051, 5065, 5072, 5071, 5070, 5077, 5090)
(10365, 9, 5039, 5053, 5067, 5082)
(10366, 54, 5027, 5039, 5053, 5059, 5066, 5081, 5094)
(10367, 38, 5034, 5040, 5055, 5069, 5083)
(10368, 52, 5010, 5025, 5032, 5033, 5039, 5053, 5060, 5068)
(10369, 7, 5064, 5050, 5037, 5024, 5016)
(10370, 89, 5100, 5092, 5079, 5072, 5065, 5051, 5038, 5025, 5010)
(10371, 89, 5055, 5047, 5046, 5039, 5033, 5032, 5031, 5024, 5016, 5008, 5000)
(10372, 77, 5087, 5081, 5066, 5052, 5045, 5039, 5027)
(10373, 63, 5092, 5079, 5064, 5050, 5037, 5024, 5017, 5010, 5003)
(10374, 99, 5103, 5102, 5094, 5081, 5066, 5058, 5051, 5038, 5025, 5010, 5002)
(10375, 76, 5086, 5079, 5071, 5063, 5049, 5041, 5035, 5022)
(10376, 2, 5048, 5035, 5022, 5007)
(10377, 57, 5030, 5036, 5049, 5063, 5071, 5072, 5080, 5087, 5094)
(10378, 60, 5051, 5038, 5025, 5010, 5002, 5001)
(10379, 61, 5102, 5094, 5081, 5066, 5058, 5051, 5038)
(10380, 30, 5039, 5053, 5067, 5082, 5095, 5102)
(10381, 49, 5067, 5059, 5058, 5051, 5038, 5031, 5024)
(10382, 18, 5025, 5038, 5051, 5058, 5066, 5081)
(10383, 16, 5037, 5050, 5064, 5079, 5092)
(10384, 90, 5067, 5060, 5054, 5046, 5039, 5027, 5019, 5011)
(10385, 49, 5033, 5039, 5053, 5059, 5066, 5081, 5094)
(10386, 75, 5023, 5036, 5049, 5063, 5071, 5072, 5073, 5074, 5082, 5088, 5089)
(10387, 64, 5066, 5052, 5045, 5039, 5027, 5020, 5013)
(10388, 54, 5097, 5083, 5069, 5055, 5040, 5029, 5014, 5006, 5005)
(10389, 67, 5058, 5051, 5038, 5031, 5024, 5016, 5008, 5000)
(10390, 48, 5081, 5066, 5052, 5045, 5039, 5033)
(10391, 3, 5067, 5060, 5054, 5046, 5039, 5027)
(10392, 70, 5097, 5089, 5088, 5082, 5067, 5059, 5058, 5051, 5038, 5031)
(10393, 74, 5004, 5003, 5010, 5025, 5038, 5051, 5065, 5072, 5071, 5078)
(10394, 23, 5020, 5027, 5039, 5053, 5067, 5082, 5088)
(10395, 29, 5047, 5055, 5069, 5083, 5097)
(10396, 78, 5066, 5052, 5045, 5039, 5027, 5020, 5013)
(10397, 15, 5083, 5069, 5055, 5040, 5029, 5021)
(10398, 56, 5089, 5083, 5069, 5055, 5040, 5029, 5014, 5006)
(10399, 24, 5055, 5040, 5029, 5014)
(10400, 82, 5077, 5062, 5048, 5041, 5042, 5043, 5038, 5025, 5018, 5019, 5020, 5013)
(10401, 25, 5053, 5067, 5082, 5088, 5089, 5097)
(10402, 13, 5033, 5039, 5053, 5067, 5082)
(10403, 28, 5050, 5042, 5041, 5035, 5022, 5007)
(10404, 37, 5049, 5041, 5035, 5022, 5015, 5008)
(10405, 68, 5002, 5010, 5018, 5019, 5027, 5039, 5053)
(10406, 58, 5051, 5058, 5066, 5074, 5082, 5088, 5089, 5097)
(10407, 31, 5065, 5051, 5038, 5025, 5010, 5002)
(10408, 87, 5058, 5051, 5038, 5031, 5024, 5016, 5008)
(10409, 44, 5049, 5063, 5071, 5072, 5080, 5087, 5094)
(10410, 7, 5051, 5038, 5025, 5010)
(10411, 23, 5036, 5049, 5063, 5071, 5079)
(10412, 6, 5051, 5065, 5080, 5093)
(10413, 21, 5049, 5041, 5035, 5022, 5015, 5008)
(10414, 60, 5039, 5053, 5059, 5066, 5081, 5087, 5093, 5100, 5099)
(10415, 43, 5083, 5069, 5055, 5040, 5034)
(10416, 15, 5047, 5055, 5069, 5083, 5097)
(10417, 68, 5037, 5043, 5051, 5058, 5066, 5074, 5082, 5088, 5089)
(10418, 101, 5090, 5077, 5070, 5071, 5072, 5073, 5074, 5067, 5060, 5061, 5055, 5040, 5034)
(10419, 41, 5051, 5038, 5025, 5010, 5002)
(10420, 41, 5011, 5019, 5027, 5039, 5053, 5060, 5068)
(10421, 16, 5100, 5092, 5079, 5064, 5050)
(10422, 4, 5055, 5069, 5083, 5097)
(10423, 46, 5089, 5088, 5082, 5067, 5059, 5058, 5051, 5038)
(10424, 16, 5092, 5079, 5064, 5050, 5037)
(10425, 93, 5007, 5022, 5030, 5036, 5049, 5063, 5071, 5072, 5073, 5074, 5082, 5088, 5089, 5097)
(10426, 86, 5013, 5020, 5019, 5018, 5025, 5038, 5051, 5065, 5072, 5071, 5070, 5077, 5090)
(10427, 18, 5014, 5029, 5040, 5055, 5069)
(10428, 54, 5037, 5042, 5049, 5063, 5078, 5091)
(10429, 15, 5047, 5055, 5069, 5083, 5097)
(10430, 32, 5011, 5019, 5027, 5039, 5045, 5052)
(10431, 47, 5089, 5083, 5069, 5055, 5040, 5029, 5014, 5006)
(10432, 98, 5008, 5023, 5036, 5042, 5043, 5051, 5058, 5066, 5074, 5082, 5088, 5089, 5097)
(10433, 68, 5036, 5049, 5063, 5071, 5072, 5080, 5087, 5094)
(10434, 21, 5058, 5051, 5038, 5025, 5010, 5003)
(10435, 50, 5043, 5051, 5058, 5066, 5074, 5082, 5088, 5089, 5097)
(10436, 73, 5019, 5027, 5039, 5053, 5067, 5082, 5088, 5089)
(10437, 88, 5088, 5082, 5067, 5059, 5058, 5051, 5038, 5025, 5010, 5002)
(10438, 9, 5010, 5025, 5038, 5051, 5058)
(10439, 57, 5079, 5071, 5063, 5049, 5041, 5035)
(10440, 49, 5103, 5102, 5094, 5081, 5066, 5052)
(10441, 20, 5013, 5020, 5027, 5039, 5053, 5059, 5066)
(10442, 25, 5076, 5068, 5054, 5046, 5039, 5027, 5012)
(10443, 69, 5023, 5036, 5049, 5063, 5071, 5079, 5092)
(10444, 4, 5051, 5065, 5080, 5093)
(10445, 38, 5068, 5054, 5046, 5039, 5027, 5019, 5018, 5010)
(10446, 23, 5049, 5063, 5078, 5085, 5092)
(10447, 31, 5048, 5035, 5022, 5007)
(10448, 28, 5082, 5067, 5060, 5054, 5046, 5039)
(10449, 2, 5055, 5069, 5083, 5097)
(10450, 45, 5012, 5027, 5039, 5053, 5067, 5082, 5088)
(10451, 55, 5065, 5051, 5038, 5025, 5010, 5003)
(10452, 56, 5049, 5041, 5035, 5022, 5007)
(10453, 8, 5033, 5039, 5053, 5067, 5082)
(10454, 2, 5055, 5040, 5029, 5014)
(10455, 88, 5069, 5055, 5047, 5046, 5039, 5027, 5019)
(10456, 50, 5064, 5050, 5037, 5024, 5017, 5018, 5019, 5012)
(10457, 73, 5083, 5069, 5055, 5047, 5046, 5039, 5033)
(10458, 34, 5007, 5022, 5035, 5048, 5062)
(10459, 71, 5079, 5071, 5063, 5049, 5041, 5035, 5022, 5007)
(10460, 64, 5097, 5089, 5088, 5082, 5067, 5059, 5052)
(10461, 83, 5087, 5081, 5066, 5052, 5045, 5039, 5027, 5020)
(10462, 95, 5100, 5092, 5079, 5064, 5050, 5037, 5024, 5016, 5008)
(10463, 12, 5044, 5045, 5053, 5067, 5082, 5095)
(10464, 61, 5012, 5027, 5039, 5045, 5052, 5066)
(10465, 62, 5076, 5068, 5054, 5046, 5039, 5027, 5019, 5018, 5010)
(10466, 65, 5067, 5059, 5058, 5051, 5038, 5025)
(10467, 78, 5100, 5092, 5079, 5064, 5050, 5037, 5024)
(10468, 39, 5076, 5069, 5055, 5040, 5029, 5014)
(10469, 38, 5037, 5043, 5051, 5065, 5080, 5093)
(10470, 43, 5019, 5027, 5039, 5053, 5067, 5082, 5088)
(10471, 29, 5006, 5014, 5029, 5040, 5055)
(10472, 93, 5001, 5008, 5023, 5036, 5049, 5063, 5078, 5091)
(10473, 85, 5021, 5020, 5019, 5018, 5025, 5038, 5051, 5065, 5072, 5079)
(10474, 70, 5008, 5023, 5036, 5049, 5056, 5062, 5077, 5090)
(10475, 79, 5100, 5092, 5079, 5071, 5063, 5049, 5041, 5035, 5030)
(10476, 7, 5047, 5055, 5069, 5083, 5097)
(10477, 30, 5062, 5048, 5035, 5030, 5023, 5008, 5001)
(10478, 70, 5099, 5100, 5093, 5087, 5081, 5066, 5052, 5045, 5039)
(10479, 2, 5053, 5067, 5082, 5095)
(10480, 45, 5039, 5053, 5067, 5082, 5095)
(10481, 53, 5038, 5051, 5065, 5072, 5071, 5078, 5091)
(10482, 63, 5051, 5038, 5031, 5024, 5016, 5008, 5000)
(10483, 37, 5051, 5038, 5025, 5010)
(10484, 16, 5048, 5035, 5022, 5007)
(10485, 55, 5008, 5023, 5036, 5049, 5063, 5070)
(10486, 27, 5043, 5051, 5058, 5066, 5081, 5094)
(10487, 58, 5040, 5055, 5061, 5060, 5059, 5066, 5073, 5072, 5079, 5092)
(10488, 78, 5013, 5020, 5027, 5039, 5053, 5059, 5066, 5073, 5072, 5071, 5070)
(10489, 63, 5055, 5047, 5046, 5039, 5033, 5032, 5025, 5010, 5002)
(10490, 82, 5072, 5064, 5050, 5037, 5024, 5016, 5008)
(10491, 56, 5049, 5041, 5035, 5022, 5015, 5008)
(10492, 65, 5087, 5081, 5066, 5052, 5045, 5039, 5027, 5012)
(10493, 65, 5092, 5079, 5071, 5063, 5049, 5041, 5035, 5022, 5007)
(10494, 57, 5033, 5039, 5053, 5067, 5082, 5095)
(10495, 30, 5010, 5025, 5031, 5037, 5042, 5049, 5063)
(10496, 28, 5017, 5025, 5038, 5051, 5065, 5080)
(10497, 14, 5049, 5041, 5035, 5022, 5015, 5008)
(10498, 62, 5064, 5050, 5037, 5024, 5017, 5010)
(10499, 60, 5015, 5016, 5017, 5018, 5019, 5020, 5021, 5029, 5040, 5055, 5069)
(10500, 70, 5036, 5049, 5063, 5071, 5072, 5073, 5074, 5082)
(10501, 44, 5082, 5067, 5059, 5058, 5051, 5038, 5025)
(10502, 42, 5102, 5094, 5081, 5066, 5052, 5045, 5039)
(10503, 20, 5010, 5025, 5031, 5037, 5042, 5049, 5056, 5062)
(10504, 21, 5051, 5058, 5066, 5074, 5082, 5088, 5096)
(10505, 27, 5064, 5050, 5037, 5024, 5009)
(10506, 30, 5062, 5048, 5035, 5022, 5007)
(10507, 19, 5050, 5037, 5024, 5009)
(10508, 100, 5085, 5079, 5064, 5050, 5043, 5044, 5045, 5039, 5027, 5012)
(10509, 14, 5043, 5051, 5058, 5066, 5074, 5082, 5095)
(10510, 69, 5008, 5023, 5036, 5049, 5063, 5071, 5072, 5080)
(10511, 55, 5047, 5055, 5069, 5083, 5097)
(10512, 91, 5012, 5027, 5039, 5053, 5059, 5066, 5073, 5072, 5079, 5092)
(10513, 63, 5081, 5066, 5058, 5051, 5038, 5025, 5010, 5002)
(10514, 17, 5037, 5042, 5049, 5056, 5062, 5077, 5090)
(10515, 64, 5011, 5019, 5027, 5039, 5053, 5067, 5082, 5095)
(10516, 43, 5055, 5040, 5029, 5014, 5006, 5005, 5004)
(10517, 54, 5032, 5033, 5039, 5053, 5067, 5082, 5088, 5089, 5097)
(10518, 30, 5102, 5094, 5081, 5066, 5052)
(10519, 74, 5090, 5077, 5062, 5056, 5049, 5042, 5037, 5024, 5017, 5018, 5019)
(10520, 70, 5013, 5020, 5027, 5039, 5053, 5059, 5066, 5073, 5072, 5071)
(10521, 6, 5100, 5092, 5079, 5064, 5050, 5043)
(10522, 14, 5030, 5036, 5049, 5063, 5078)
(10523, 51, 5043, 5051, 5058, 5066, 5074, 5082, 5095)
(10524, 71, 5096, 5088, 5082, 5067, 5059, 5058, 5051, 5038, 5025, 5010, 5002)
(10525, 11, 5051, 5038, 5025, 5010)
(10526, 14, 5043, 5051, 5058, 5066, 5081, 5094)
(10527, 73, 5037, 5043, 5051, 5058, 5066, 5074, 5082, 5088, 5089, 5097)
(10528, 78, 5059, 5058, 5051, 5038, 5031, 5024, 5016, 5008, 5000)
(10529, 26, 5087, 5081, 5066, 5058, 5051, 5038)
(10530, 92, 5030, 5036, 5049, 5063, 5071, 5072, 5080, 5087, 5094, 5102)
(10531, 51, 5051, 5038, 5031, 5024, 5016, 5008, 5000)
(10532, 67, 5066, 5052, 5045, 5039, 5027, 5012)
(10533, 89, 5102, 5094, 5081, 5066, 5058, 5051, 5038, 5031, 5024, 5016)
(10534, 5, 5039, 5053, 5067, 5082, 5088)
(10535, 63, 5102, 5094, 5081, 5066, 5058, 5051, 5038, 5025, 5018)
(10536, 94, 5082, 5067, 5059, 5058, 5051, 5038, 5031, 5024, 5016, 5008)
(10537, 61, 5078, 5063, 5049, 5042, 5037, 5024, 5017, 5018)
(10538, 9, 5058, 5051, 5038, 5025, 5010)
(10539, 37, 5055, 5069, 5083, 5097)
(10540, 97, 5077, 5062, 5056, 5049, 5042, 5037, 5024, 5017, 5018, 5019, 5020, 5013, 5006)
(10541, 49, 5025, 5032, 5033, 5039, 5053, 5067, 5082, 5088, 5089)
(10542, 21, 5067, 5059, 5058, 5051, 5038, 5025, 5010)
(10543, 39, 5050, 5037, 5024, 5016, 5008)
(10544, 101, 5082, 5067, 5059, 5066, 5073, 5072, 5071, 5063, 5049, 5041, 5035, 5022)
(10545, 57, 5019, 5027, 5039, 5053, 5067, 5082, 5095, 5102)
(10546, 76, 5020, 5027, 5039, 5053, 5059, 5066, 5081, 5087, 5093)
(10547, 96, 5089, 5088, 5082, 5067, 5059, 5058, 5051, 5038, 5025, 5010, 5002)
(10548, 91, 5025, 5032, 5033, 5039, 5053, 5060, 5061, 5069)
(10549, 75, 5017, 5025, 5032, 5033, 5039, 5053, 5060, 5061, 5069)
(10550, 56, 5009, 5024, 5037, 5050, 5064, 5079)
(10551, 14, 5055, 5040, 5029, 5014, 5006)
(10552, 85, 5102, 5094, 5081, 5066, 5058, 5051, 5038, 5025, 5010, 5002)
(10553, 15, 5051, 5058, 5066, 5074, 5082, 5095)
(10554, 67, 5002, 5010, 5025, 5032, 5033, 5039, 5053, 5060, 5068)
(10555, 88, 5090, 5077, 5062, 5056, 5049, 5042, 5043, 5044, 5045, 5039)
(10556, 56, 5076, 5068, 5054, 5046, 5039, 5027, 5019, 5018, 5010)
(10557, 101, 5097, 5083, 5069, 5055, 5047, 5046, 5039, 5027, 5019, 5011)
(10558, 46, 5050, 5037, 5024, 5016, 5008, 5000)
(10559, 54, 5065, 5051, 5038, 5025, 5010, 5003)
(10560, 60, 5037, 5043, 5051, 5058, 5066, 5074, 5082, 5095)
(10561, 66, 5019, 5027, 5039, 5053, 5067, 5082, 5095, 5102)
(10562, 62, 5049, 5063, 5071, 5072, 5080, 5087, 5094, 5102)
(10563, 90, 5073, 5072, 5071, 5063, 5049, 5041, 5035, 5022, 5007)
(10564, 62, 5091, 5078, 5063, 5049, 5042, 5037, 5024)
(10565, 21, 5063, 5049, 5041, 5035, 5022)
(10566, 79, 5041, 5049, 5063, 5071, 5072, 5080, 5087, 5094, 5102)
(10567, 92, 5100, 5092, 5079, 5064, 5050, 5037, 5024, 5016, 5008)
(10568, 74, 5097, 5089, 5088, 5082, 5067, 5059, 5052)
(10569, 17, 5033, 5039, 5053, 5067, 5082, 5088)
(10570, 43, 5040, 5055, 5061, 5060, 5067, 5082, 5095)
(10571, 62, 5006, 5013, 5020, 5027, 5039, 5053, 5067)
(10572, 77, 5032, 5031, 5037, 5042, 5049, 5063, 5078, 5091)
(10573, 14, 5055, 5069, 5083, 5097)
(10574, 30, 5036, 5049, 5063, 5071, 5072, 5073, 5074, 5082, 5088)
(10575, 50, 5051, 5058, 5066, 5074, 5082, 5095)
(10576, 5, 5008, 5023, 5036, 5042, 5043, 5051)
(10577, 46, 5012, 5027, 5039, 5053, 5059, 5066, 5081, 5094)
(10578, 80, 5010, 5025, 5038, 5051, 5065, 5080, 5087, 5094)
(10579, 22, 5064, 5050, 5037, 5024, 5009)
(10580, 7, 5051, 5065, 5080, 5093)
(10581, 84, 5041, 5042, 5043, 5044, 5045, 5053, 5067, 5082, 5088, 5096)
(10582, 6, 5091, 5078, 5063, 5049, 5041, 5035)
(10583, 79, 5018, 5025, 5031, 5037, 5042, 5049, 5063, 5078, 5091)
(10584, 9, 5045, 5053, 5067, 5082, 5088, 5096)
(10585, 65, 5077, 5062, 5048, 5035, 5022, 5007)
(10586, 9, 5047, 5055, 5069, 5083, 5097)
(10587, 5, 5050, 5064, 5079, 5092)
(10588, 60, 5050, 5042, 5041, 5035, 5022, 5007)
(10589, 30, 5041, 5049, 5063, 5071, 5072, 5080, 5087, 5094)
(10590, 35, 5100, 5092, 5079, 5064, 5050, 5037, 5024, 5017)
(10591, 84, 5054, 5046, 5039, 5033, 5032, 5031, 5024, 5016, 5008)
(10592, 22, 5018, 5025, 5038, 5051, 5065, 5080, 5087)
(10593, 38, 5100, 5092, 5079, 5064, 5050)
(10594, 28, 5051, 5038, 5025, 5010, 5002)
(10595, 84, 5006, 5013, 5020, 5027, 5039, 5053, 5059, 5066, 5073, 5072, 5079)
(10596, 64, 5055, 5040, 5029, 5021, 5020, 5019, 5011)
(10597, 50, 5035, 5048, 5062, 5077, 5090)
(10598, 31, 5049, 5041, 5035, 5022, 5015, 5008)
(10599, 27, 5068, 5054, 5046, 5039, 5027, 5020)
(10600, 91, 5008, 5016, 5017, 5025, 5032, 5033, 5039, 5053, 5060)
(10601, 25, 5087, 5086, 5079, 5071, 5063, 5049, 5041, 5035)
(10602, 19, 5053, 5067, 5082, 5088, 5096)
(10603, 69, 5011, 5019, 5027, 5039, 5053, 5067, 5082, 5095)
(10604, 6, 5050, 5037, 5024, 5016, 5008)
(10605, 84, 5102, 5101, 5100, 5092, 5079, 5064, 5050, 5037, 5024, 5016, 5008, 5000)
(10606, 38, 5027, 5039, 5053, 5067, 5082)
(10607, 69, 5021, 5029, 5040, 5055, 5069, 5083, 5097)
(10608, 30, 5050, 5037, 5024, 5016, 5008)
(10609, 70, 5095, 5082, 5067, 5060, 5061, 5055, 5040, 5029)
(10610, 18, 5039, 5053, 5067, 5082, 5088, 5089)
(10611, 44, 5051, 5038, 5025, 5010)
(10612, 43, 5037, 5050, 5064, 5079, 5092)
(10613, 100, 5020, 5027, 5039, 5053, 5059, 5066, 5081, 5087, 5093, 5100, 5099, 5098)
(10614, 35, 5032, 5033, 5039, 5053, 5067, 5082, 5088, 5096)
(10615, 82, 5029, 5040, 5055, 5069, 5083, 5089, 5096)
(10616, 15, 5056, 5048, 5035, 5022, 5007)
(10617, 38, 5072, 5064, 5050, 5037, 5024, 5016)
(10618, 97, 5088, 5082, 5067, 5059, 5066, 5073, 5072, 5071, 5063, 5049, 5041, 5035)
(10619, 42, 5013, 5020, 5019, 5018, 5025, 5038, 5051, 5065, 5080)
(10620, 54, 5045, 5053, 5067, 5082, 5088, 5089, 5097)
(10621, 68, 5063, 5049, 5042, 5043, 5044, 5045, 5039, 5027, 5012)
(10622, 10, 5089, 5088, 5082, 5067, 5059, 5058, 5051, 5038, 5025, 5010, 5002, 5001, 5000)
(10623, 45, 5063, 5049, 5042, 5037, 5024, 5017, 5010)
(10624, 42, 5079, 5064, 5050, 5037, 5024)
(10625, 100, 5006, 5013, 5020, 5027, 5039, 5053, 5059, 5066, 5073, 5072, 5071, 5070, 5077)
(10626, 8, 5049, 5063, 5071, 5072, 5080, 5093)
(10627, 91, 5085, 5079, 5064, 5050, 5043, 5044, 5045, 5039, 5027, 5012)
(10628, 23, 5053, 5067, 5082, 5088, 5096)
(10629, 22, 5065, 5051, 5038, 5025, 5010, 5003)
(10630, 97, 5090, 5077, 5070, 5071, 5072, 5073, 5074, 5067, 5060, 5054, 5047, 5040)
(10631, 80, 5025, 5032, 5033, 5039, 5053, 5060, 5061, 5069)
(10632, 57, 5019, 5027, 5039, 5053, 5067, 5082, 5095, 5102)
(10633, 39, 5015, 5023, 5036, 5049, 5063, 5071, 5072)
(10634, 86, 5023, 5036, 5049, 5063, 5071, 5079, 5092, 5100)
(10635, 44, 5082, 5067, 5060, 5054, 5046, 5039)
(10636, 97, 5002, 5010, 5025, 5038, 5051, 5058, 5066, 5081, 5094)
(10637, 55, 5081, 5073, 5072, 5071, 5063, 5049, 5041, 5035)
(10638, 80, 5065, 5051, 5044, 5045, 5039, 5027, 5020, 5013)
(10639, 42, 5064, 5050, 5037, 5024, 5017, 5010)
(10640, 45, 5038, 5051, 5065, 5080, 5093)
(10641, 41, 5051, 5038, 5025, 5010, 5002)
(10642, 10, 5049, 5063, 5078, 5091)
(10643, 88, 5090, 5077, 5070, 5071, 5072, 5073, 5074, 5067, 5060, 5061, 5055, 5040, 5034)
(10644, 44, 5049, 5041, 5035, 5022, 5015, 5008)
(10645, 57, 5094, 5081, 5066, 5052, 5045, 5039, 5027, 5020)
(10646, 28, 5086, 5079, 5064, 5050, 5037)
(10647, 68, 5092, 5079, 5064, 5050, 5037, 5024, 5017, 5018, 5019)
(10648, 33, 5072, 5064, 5050, 5037, 5024, 5016)
(10649, 63, 5054, 5046, 5039, 5027, 5019, 5018, 5010, 5002)
(10650, 97, 5082, 5067, 5059, 5066, 5073, 5072, 5071, 5063, 5049, 5041, 5035, 5022)
(10651, 78, 5034, 5040, 5055, 5061, 5060, 5059, 5058, 5065, 5072, 5071, 5070, 5077, 5090)
(10652, 74, 5071, 5063, 5049, 5041, 5035, 5022, 5007)
(10653, 98, 5089, 5088, 5082, 5067, 5059, 5058, 5051, 5038, 5031, 5024, 5016, 5015)
(10654, 10, 5023, 5036, 5049, 5063, 5071)
(10655, 45, 5081, 5066, 5052, 5045, 5039, 5027, 5020)
(10656, 34, 5068, 5054, 5046, 5039, 5027, 5012)
(10657, 63, 5058, 5051, 5038, 5031, 5024, 5016, 5008)
(10658, 79, 5067, 5059, 5058, 5051, 5038, 5031, 5024, 5016, 5015)
(10659, 22, 5102, 5094, 5081, 5066, 5052)
(10660, 37, 5063, 5049, 5041, 5035, 5022)
(10661, 86, 5010, 5025, 5032, 5033, 5039, 5053, 5067, 5082)
(10662, 100, 5020, 5027, 5039, 5053, 5059, 5066, 5073, 5072, 5071, 5070, 5077)
(10663, 70, 5069, 5055, 5047, 5046, 5039, 5033, 5032, 5025)
(10664, 23, 5015, 5023, 5036, 5049, 5063, 5078)
(10665, 5, 5092, 5079, 5064, 5050, 5037)
(10666, 38, 5048, 5035, 5022, 5007)
(10667, 31, 5043, 5051, 5058, 5066, 5074, 5082, 5095)
(10668, 96, 5092, 5079, 5064, 5050, 5037, 5024, 5017, 5010, 5003, 5004)
(10669, 8, 5094, 5081, 5066, 5058, 5051)
(10670, 66, 5082, 5067, 5060, 5061, 5055, 5040, 5029, 5014)
(10671, 83, 5092, 5079, 5064, 5050, 5043, 5044, 5045, 5039, 5027, 5012)
(10672, 44, 5063, 5049, 5041, 5035, 5022, 5015)
(10673, 52, 5041, 5049, 5063, 5078, 5085, 5092, 5100)
(10674, 83, 5076, 5068, 5054, 5046, 5039, 5027, 5019, 5018, 5010, 5002, 5001)
(10675, 58, 5029, 5040, 5055, 5069, 5083)
(10676, 65, 5007, 5022, 5030, 5036, 5042, 5043, 5044, 5045, 5053, 5060)
(10677, 38, 5091, 5078, 5063, 5049, 5041, 5035, 5022)
(10678, 99, 5079, 5072, 5073, 5066, 5059, 5060, 5061, 5055, 5040, 5029)
(10679, 39, 5076, 5068, 5054, 5046, 5039, 5027)
(10680, 63, 5017, 5025, 5038, 5051, 5065, 5080, 5093)
(10681, 18, 5007, 5022, 5035, 5048, 5062)
(10682, 50, 5073, 5072, 5071, 5063, 5049, 5041, 5035, 5022)
(10683, 93, 5008, 5023, 5036, 5049, 5063, 5071, 5072, 5073, 5074, 5075, 5076)
(10684, 43, 5021, 5020, 5027, 5039, 5053, 5067, 5082, 5088)
(10685, 23, 5030, 5036, 5049, 5063, 5071, 5072, 5080, 5087)
(10686, 82, 5000, 5008, 5023, 5036, 5042, 5043, 5051, 5058, 5066, 5074, 5075)
(10687, 59, 5018, 5025, 5038, 5051, 5065, 5072, 5079)
(10688, 75, 5094, 5081, 5066, 5052, 5045, 5039, 5027, 5020)
(10689, 95, 5103, 5102, 5094, 5081, 5073, 5072, 5071, 5063, 5049, 5041, 5035, 5022)
(10690, 101, 5007, 5022, 5030, 5036, 5049, 5063, 5071, 5072, 5073, 5074, 5082, 5088, 5096)
(10691, 80, 5008, 5023, 5036, 5049, 5063, 5071, 5072, 5080, 5087)
(10692, 95, 5082, 5067, 5059, 5058, 5065, 5072, 5071, 5063, 5049, 5041, 5035)
(10693, 32, 5043, 5051, 5058, 5066, 5081, 5094)
(10694, 51, 5037, 5043, 5044, 5045, 5053, 5067, 5082, 5088, 5096)
(10695, 65, 5060, 5054, 5046, 5039, 5027, 5019, 5011)
(10696, 66, 5077, 5062, 5056, 5049, 5042, 5037, 5024, 5017)
(10697, 41, 5053, 5067, 5082, 5088, 5089, 5097)
(10698, 96, 5040, 5055, 5061, 5060, 5059, 5066, 5073, 5072, 5071, 5078, 5091)
(10699, 50, 5037, 5043, 5051, 5058, 5066, 5074, 5082, 5088)
(10700, 87, 5096, 5088, 5082, 5067, 5060, 5054, 5046, 5039, 5033)
(10701, 22, 5044, 5045, 5053, 5067, 5082, 5088, 5089, 5097)
(10702, 47, 5034, 5040, 5055, 5061, 5060, 5067, 5082, 5095)
(10703, 14, 5050, 5037, 5024, 5009)
(10704, 5, 5100, 5092, 5079, 5064, 5050)
(10705, 67, 5054, 5046, 5039, 5033, 5032, 5031, 5024, 5016, 5008)
(10706, 86, 5102, 5094, 5081, 5066, 5058, 5051, 5038, 5025, 5010)
(10707, 87, 5085, 5079, 5064, 5050, 5037, 5024, 5017, 5018)
(10708, 87, 5092, 5079, 5071, 5063, 5049, 5041, 5035, 5022, 5007)
(10709, 25, 5050, 5037, 5024, 5009)
(10710, 79, 5011, 5019, 5027, 5039, 5053, 5067, 5082, 5088)
(10711, 40, 5045, 5053, 5067, 5082, 5088, 5089, 5097)
(10712, 80, 5082, 5067, 5060, 5054, 5046, 5039, 5027, 5020, 5013)
(10713, 30, 5078, 5063, 5049, 5041, 5035, 5022)
(10714, 90, 5059, 5058, 5051, 5038, 5025, 5010, 5002)
(10715, 83, 5067, 5060, 5054, 5046, 5039, 5027, 5019, 5011)
(10716, 99, 5067, 5059, 5058, 5051, 5038, 5025, 5010, 5002, 5001, 5000)
(10717, 101, 5034, 5040, 5055, 5061, 5060, 5059, 5066, 5073, 5072, 5079, 5092, 5099, 5098)
(10718, 94, 5000, 5008, 5023, 5036, 5042, 5043, 5044, 5045, 5053, 5060)
(10719, 78, 5018, 5025, 5031, 5037, 5042, 5049, 5063, 5078)
(10720, 43, 5025, 5032, 5033, 5039, 5053, 5067, 5082, 5088)
(10721, 89, 5087, 5081, 5066, 5058, 5051, 5038, 5025, 5010, 5003)
(10722, 53, 5094, 5081, 5066, 5052, 5045, 5039, 5033)
(10723, 10, 5051, 5038, 5025, 5010, 5002, 5001)
(10724, 44, 5034, 5040, 5055, 5061, 5060, 5067, 5082, 5095)
(10725, 74, 5040, 5047, 5046, 5045, 5052, 5058, 5065, 5080, 5093)
(10726, 36, 5038, 5051, 5065, 5072, 5079, 5092)
(10727, 34, 5060, 5054, 5046, 5039, 5027, 5019, 5011)
(10728, 67, 5064, 5050, 5037, 5024, 5017, 5010)
(10729, 9, 5069, 5055, 5047, 5046, 5039, 5033, 5032, 5031, 5024, 5016, 5008, 5000)
(10730, 92, 5102, 5094, 5081, 5066, 5052, 5045, 5039, 5027, 5012)
(10731, 63, 5059, 5058, 5051, 5038, 5025, 5010, 5002)
(10732, 28, 5090, 5077, 5062, 5048, 5035, 5030)
(10733, 51, 5086, 5079, 5071, 5063, 5049, 5041, 5035)
(10734, 83, 5040, 5047, 5046, 5045, 5052, 5058, 5065, 5072, 5071, 5070, 5077, 5090)
(10735, 5, 5036, 5049, 5063, 5071, 5079, 5092)
(10736, 49, 5060, 5054, 5046, 5039, 5027, 5012)
(10737, 4, 5048, 5035, 5022, 5007)
(10738, 84, 5030, 5036, 5042, 5043, 5051, 5058, 5066, 5074, 5082, 5088)
(10739, 12, 5039, 5053, 5067, 5082, 5088, 5089, 5097)
(10740, 86, 5002, 5010, 5018, 5019, 5027, 5039, 5053, 5067, 5082, 5088, 5096)
(10741, 23, 5053, 5067, 5082, 5095)
(10742, 23, 5055, 5040, 5029, 5014)
(10743, 15, 5033, 5039, 5053, 5067, 5082, 5088, 5089)
(10744, 58, 5063, 5049, 5042, 5037, 5024, 5009)
(10745, 66, 5076, 5068, 5054, 5046, 5045, 5044, 5038, 5031, 5024, 5016)
(10746, 51, 5014, 5029, 5040, 5055, 5069, 5083, 5089, 5096)
(10747, 50, 5054, 5046, 5039, 5027, 5020, 5013)
(10748, 21, 5048, 5035, 5022, 5007)
(10749, 87, 5062, 5048, 5041, 5042, 5037, 5024, 5017, 5010, 5003, 5004)
(10750, 36, 5019, 5027, 5039, 5053, 5067, 5082, 5095, 5102)
(10751, 93, 5000, 5008, 5023, 5036, 5049, 5063, 5071, 5072, 5073, 5074, 5075)
(10752, 78, 5038, 5051, 5058, 5066, 5081, 5094)
(10753, 45, 5030, 5036, 5049, 5063, 5071, 5072, 5080, 5093)
(10754, 87, 5090, 5077, 5062, 5056, 5049, 5042, 5037, 5024, 5017, 5010)
(10755, 91, 5088, 5082, 5067, 5059, 5058, 5051, 5038, 5031, 5024, 5016, 5015)
(10756, 58, 5081, 5066, 5059, 5060, 5061, 5055, 5040, 5029)
(10757, 71, 5013, 5020, 5019, 5018, 5025, 5038, 5051, 5065, 5072, 5071, 5070)
(10758, 15, 5023, 5036, 5049, 5063, 5078)
(10759, 89, 5036, 5042, 5043, 5051, 5058, 5066, 5074, 5082, 5088, 5089, 5097)
(10760, 27, 5002, 5010, 5025, 5038, 5051, 5065)
(10761, 79, 5001, 5008, 5023, 5036, 5041, 5048, 5062, 5077, 5090)
(10762, 47, 5063, 5049, 5042, 5037, 5024, 5017, 5010, 5003)
(10763, 61, 5097, 5089, 5088, 5082, 5067, 5059, 5058, 5051, 5038)
(10764, 69, 5097, 5083, 5069, 5055, 5040, 5029, 5014, 5006)
(10765, 83, 5001, 5008, 5023, 5036, 5049, 5063, 5078, 5091)
(10766, 57, 5058, 5051, 5038, 5031, 5024, 5016, 5008)
(10767, 43, 5008, 5023, 5036, 5049, 5063, 5070, 5077)
(10768, 60, 5083, 5069, 5055, 5040, 5029, 5014, 5006)
(10769, 86, 5060, 5054, 5046, 5039, 5027, 5019, 5011)
(10770, 93, 5085, 5079, 5072, 5073, 5066, 5059, 5060, 5061, 5055, 5040, 5029)
(10771, 25, 5049, 5063, 5071, 5072, 5080, 5087, 5094)
(10772, 33, 5013, 5020, 5027, 5039, 5053, 5060)
(10773, 57, 5030, 5036, 5042, 5043, 5051, 5058, 5066, 5074, 5082, 5088, 5096)
(10774, 8, 5096, 5089, 5083, 5069, 5055, 5040)
(10775, 13, 5054, 5068, 5076, 5083, 5097)
(10776, 48, 5059, 5058, 5051, 5038, 5025, 5010)
(10777, 20, 5056, 5048, 5035, 5022, 5007)
(10778, 20, 5039, 5045, 5052, 5058, 5065, 5080, 5093)
(10779, 38, 5002, 5010, 5018, 5019, 5027, 5039, 5053, 5067, 5082)
(10780, 6, 5063, 5049, 5041, 5035, 5022)
(10781, 43, 5060, 5054, 5046, 5039, 5027, 5019, 5011)
(10782, 23, 5060, 5054, 5046, 5039, 5027, 5012)
(10783, 96, 5055, 5040, 5029, 5021, 5020, 5019, 5018, 5010, 5002, 5001, 5000)
(10784, 95, 5013, 5020, 5019, 5018, 5025, 5038, 5051, 5065, 5072, 5071, 5070)
(10785, 31, 5037, 5050, 5064, 5079)
(10786, 4, 5051, 5038, 5025, 5010)
(10787, 8, 5041, 5049, 5063, 5078, 5085, 5092)
(10788, 53, 5044, 5045, 5053, 5067, 5082, 5095)
(10789, 10, 5037, 5042, 5049, 5063, 5078, 5091)
(10790, 80, 5007, 5022, 5030, 5036, 5049, 5063, 5071, 5072, 5080, 5087)
(10791, 15, 5048, 5062, 5077, 5090)
(10792, 14, 5053, 5067, 5082, 5088, 5089, 5097)
(10793, 61, 5008, 5023, 5036, 5049, 5063, 5078)
(10794, 67, 5100, 5092, 5079, 5064, 5050, 5043, 5038)
(10795, 5, 5027, 5039, 5053, 5067)
(10796, 38, 5082, 5067, 5059, 5058, 5051, 5038, 5025)
(10797, 58, 5058, 5051, 5038, 5025, 5010, 5002)
(10798, 81, 5008, 5023, 5036, 5049, 5063, 5071, 5072, 5080, 5087)
(10799, 17, 5019, 5027, 5039, 5053, 5067, 5082, 5088)
(10800, 59, 5100, 5092, 5079, 5064, 5050, 5037, 5024, 5017, 5010)
(10801, 23, 5017, 5025, 5038, 5051, 5065, 5080, 5093)
(10802, 71, 5023, 5036, 5049, 5063, 5071, 5072, 5073, 5074, 5082, 5088)
(10803, 62, 5025, 5032, 5033, 5039, 5053, 5067)
(10804, 97, 5096, 5088, 5082, 5067, 5059, 5058, 5051, 5038, 5025, 5010, 5002)
(10805, 78, 5034, 5040, 5047, 5046, 5045, 5052, 5058, 5065, 5072, 5079, 5092)
(10806, 45, 5013, 5020, 5027, 5039, 5045, 5052, 5066)
(10807, 13, 5038, 5051, 5065, 5080, 5093)
(10808, 46, 5023, 5036, 5049, 5063, 5070, 5077, 5090)
(10809, 91, 5089, 5088, 5082, 5067, 5059, 5058, 5051, 5038, 5025, 5010, 5002)
(10810, 11, 5021, 5020, 5027, 5039, 5053, 5067, 5082)
(10811, 84, 5088, 5082, 5067, 5060, 5054, 5046, 5039, 5027, 5012)
(10812, 35, 5090, 5077, 5062, 5048, 5035, 5022)
(10813, 55, 5030, 5036, 5049, 5063, 5071, 5072, 5073, 5074, 5082, 5088)
(10814, 34, 5010, 5025, 5038, 5051, 5058, 5066, 5081)
(10815, 42, 5046, 5053, 5067, 5082, 5088, 5096)
(10816, 88, 5085, 5079, 5072, 5073, 5066, 5059, 5060, 5061, 5055, 5040, 5029)
(10817, 77, 5091, 5078, 5063, 5049, 5042, 5037, 5024, 5009)
(10818, 70, 5065, 5051, 5044, 5045, 5039, 5027, 5020, 5013, 5006)
(10819, 23, 5058, 5051, 5038, 5025, 5010)
(10820, 54, 5017, 5025, 5038, 5051, 5058, 5066, 5081)
(10821, 84, 5059, 5058, 5051, 5038, 5025, 5010, 5002, 5001)
(10822, 96, 5089, 5088, 5082, 5067, 5059, 5066, 5073, 5072, 5071, 5063, 5049, 5041, 5035, 5030)
(10823, 54, 5034, 5040, 5055, 5069, 5083, 5097)
(10824, 11, 5055, 5040, 5029, 5014, 5006)
(10825, 63, 5087, 5081, 5066, 5058, 5051, 5038, 5025, 5010, 5003)
(10826, 82, 5023, 5036, 5049, 5063, 5071, 5072, 5080, 5087, 5094, 5102)
(10827, 96, 5063, 5049, 5042, 5043, 5044, 5045, 5039, 5027, 5020, 5013, 5006)
(10828, 71, 5062, 5048, 5041, 5042, 5037, 5024, 5017, 5018, 5019, 5020, 5021, 5014)
(10829, 88, 5078, 5063, 5049, 5042, 5037, 5024, 5017, 5018, 5019, 5020, 5021, 5014)
(10830, 75, 5037, 5043, 5044, 5045, 5053, 5067, 5082, 5088, 5096)
(10831, 6, 5066, 5058, 5051, 5038, 5025)
(10832, 93, 5006, 5013, 5020, 5027, 5039, 5053, 5059, 5066, 5073, 5072, 5071, 5078)
(10833, 14, 5053, 5067, 5082, 5088, 5089, 5097)
(10834, 70, 5020, 5027, 5039, 5053, 5067, 5082, 5088, 5096)
(10835, 92, 5079, 5064, 5050, 5037, 5024, 5017, 5010, 5003, 5004)
(10836, 19, 5081, 5066, 5052, 5045, 5039, 5027)
(10837, 26, 5040, 5047, 5046, 5053, 5067, 5082, 5095)
(10838, 7, 5082, 5067, 5059, 5058, 5051, 5038)
(10839, 48, 5008, 5023, 5036, 5042, 5043, 5051, 5058)
(10840, 67, 5027, 5039, 5053, 5059, 5066, 5081, 5087, 5093)
(10841, 50, 5039, 5053, 5059, 5066, 5081, 5087, 5093)
(10842, 60, 5066, 5058, 5051, 5038, 5025, 5018)
(10843, 24, 5054, 5046, 5039, 5027, 5012)
(10844, 33, 5055, 5040, 5029, 5014)
(10845, 46, 5020, 5027, 5039, 5053, 5067, 5082, 5095)
(10846, 79, 5020, 5019, 5018, 5025, 5038, 5051, 5065, 5080, 5093)
(10847, 74, 5049, 5063, 5071, 5072, 5073, 5074, 5082, 5088, 5089, 5097)
(10848, 30, 5032, 5038, 5051, 5065, 5072, 5079, 5092)
(10849, 31, 5041, 5049, 5063, 5071, 5072, 5080, 5087, 5094)
(10850, 38, 5051, 5058, 5066, 5074, 5082, 5088, 5096)
(10851, 35, 5000, 5008, 5023, 5036, 5049)
(10852, 101, 5089, 5088, 5082, 5067, 5059, 5066, 5073, 5072, 5071, 5063, 5049, 5041, 5035)
(10853, 16, 5062, 5048, 5035, 5030, 5023, 5008)
(10854, 17, 5052, 5066, 5081, 5094)
(10855, 34, 5076, 5069, 5055, 5040, 5029, 5014)
(10856, 47, 5019, 5027, 5039, 5053, 5067, 5082)
(10857, 44, 5051, 5038, 5025, 5010)
(10858, 34, 5045, 5053, 5067, 5082, 5088, 5089, 5097)
(10859, 92, 5087, 5081, 5066, 5059, 5060, 5061, 5055, 5040, 5029)
(10860, 1, 5049, 5063, 5078, 5091)
(10861, 15, 5025, 5038, 5051, 5065, 5080, 5087, 5094)
(10862, 20, 5038, 5051, 5065, 5080)
(10863, 61, 5036, 5049, 5063, 5071, 5072, 5073, 5074, 5082, 5088, 5089, 5097)
(10864, 73, 5067, 5059, 5058, 5051, 5038, 5031, 5024, 5016)
(10865, 7, 5055, 5069, 5083, 5097)
(10866, 2, 5053, 5067, 5082, 5095)
(10867, 22, 5036, 5042, 5043, 5051, 5058, 5066, 5074, 5082)
(10868, 89, 5002, 5010, 5025, 5032, 5033, 5039, 5053, 5067, 5082, 5095)
(10869, 81, 5078, 5063, 5049, 5042, 5037, 5024, 5017, 5018, 5019, 5020)
(10870, 47, 5045, 5053, 5067, 5082, 5088, 5089, 5097)
(10871, 53, 5082, 5067, 5060, 5054, 5046, 5039, 5027)
(10872, 25, 5049, 5041, 5035, 5022, 5007)
(10873, 14, 5046, 5053, 5067, 5082, 5088, 5096)
(10874, 50, 5000, 5008, 5023, 5036, 5049, 5063, 5071, 5079)
(10875, 66, 5007, 5022, 5035, 5048, 5062, 5077)
(10876, 81, 5077, 5062, 5056, 5049, 5042, 5037, 5024, 5017)
(10877, 79, 5064, 5050, 5037, 5024, 5017, 5018, 5019, 5020, 5013, 5006)
(10878, 94, 5104, 5103, 5102, 5101, 5100, 5099, 5091, 5078, 5063, 5049, 5041, 5035, 5030)
(10879, 50, 5049, 5041, 5035, 5022, 5007)
(10880, 60, 5050, 5037, 5024, 5016, 5008)
(10881, 46, 5045, 5053, 5067, 5082, 5088, 5096)
(10882, 11, 5100, 5092, 5079, 5071, 5063, 5049, 5041)
(10883, 91, 5013, 5020, 5027, 5039, 5053, 5067, 5082, 5095, 5102)
(10884, 59, 5008, 5023, 5036, 5049, 5063, 5071, 5072, 5073, 5074)
(10885, 42, 5048, 5035, 5022, 5007)
(10886, 41, 5091, 5078, 5063, 5049, 5042, 5037, 5024, 5009)
(10887, 18, 5054, 5046, 5039, 5027, 5020, 5013)
(10888, 7, 5089, 5083, 5069, 5055, 5040, 5029)
(10889, 36, 5066, 5058, 5051, 5038, 5025, 5018)
(10890, 66, 5011, 5019, 5027, 5039, 5053, 5060, 5068)
(10891, 29, 5094, 5081, 5066, 5058, 5051, 5038, 5025, 5010)
(10892, 76, 5065, 5051, 5044, 5045, 5039, 5027, 5012)
(10893, 10, 5032, 5033, 5039, 5053, 5067, 5082)
(10894, 79, 5085, 5079, 5064, 5050, 5043, 5044, 5045, 5039, 5027, 5012)
(10895, 17, 5014, 5029, 5040, 5055, 5069, 5076)
(10896, 82, 5097, 5083, 5069, 5055, 5040, 5029, 5014, 5006, 5005)
(10897, 80, 5059, 5058, 5051, 5038, 5025, 5010, 5002, 5001)
(10898, 81, 5040, 5055, 5061, 5060, 5059, 5058, 5065, 5080, 5093)
(10899, 31, 5041, 5049, 5063, 5071, 5072, 5080, 5087, 5094)
(10900, 63, 5030, 5036, 5042, 5043, 5044, 5045, 5053, 5067, 5082, 5088)
(10901, 64, 5067, 5060, 5054, 5046, 5039, 5027, 5019, 5011)
(10902, 61, 5050, 5042, 5041, 5035, 5022, 5007)
(10903, 82, 5004, 5003, 5010, 5025, 5038, 5051, 5065, 5072)
(10904, 57, 5009, 5024, 5037, 5050, 5064, 5079, 5092, 5100)
(10905, 90, 5023, 5036, 5049, 5063, 5071, 5072, 5073, 5074, 5082, 5088, 5089, 5097)
(10906, 87, 5099, 5100, 5093, 5087, 5081, 5066, 5059, 5060, 5061, 5055, 5040, 5029)
(10907, 57, 5087, 5081, 5066, 5052, 5045, 5039, 5027)
(10908, 67, 5100, 5092, 5079, 5064, 5050, 5037, 5024, 5017)
(10909, 25, 5055, 5040, 5029, 5014, 5006)
(10910, 22, 5047, 5055, 5069, 5083, 5097)
(10911, 77, 5096, 5088, 5082, 5067, 5059, 5058, 5051, 5038, 5025, 5010, 5002, 5001)
(10912, 40, 5002, 5010, 5025, 5038, 5051, 5065)
(10913, 95, 5015, 5016, 5017, 5018, 5019, 5027, 5039, 5053, 5067, 5082, 5088, 5089)
(10914, 37, 5069, 5055, 5040, 5029, 5021, 5020, 5019)
(10915, 8, 5045, 5053, 5067, 5082, 5088, 5089, 5097)
(10916, 10, 5045, 5053, 5067, 5082, 5088, 5096)
(10917, 15, 5049, 5041, 5035, 5022, 5015, 5008)
(10918, 64, 5092, 5079, 5064, 5050, 5037, 5024, 5017, 5010, 5003)
(10919, 54, 5045, 5053, 5067, 5082, 5088, 5089, 5097)
(10920, 50, 5008, 5023, 5036, 5049, 5063, 5071, 5072, 5080, 5087, 5094)
(10921, 28, 5040, 5055, 5069, 5083, 5089, 5096)
(10922, 29, 5055, 5069, 5083, 5097)
(10923, 39, 5056, 5048, 5035, 5030, 5023, 5008)
(10924, 30, 5051, 5038, 5025, 5010, 5002, 5001, 5000)
(10925, 92, 5094, 5081, 5066, 5052, 5045, 5039, 5027, 5012)
(10926, 60, 5059, 5058, 5051, 5038, 5025, 5010)
(10927, 89, 5022, 5030, 5036, 5049, 5063, 5071, 5072, 5073, 5074, 5075)
(10928, 86, 5064, 5050, 5043, 5044, 5045, 5039, 5027, 5020, 5013)
(10929, 34, 5051, 5038, 5031, 5024, 5016, 5008)
(10930, 49, 5021, 5020, 5027, 5039, 5053, 5059, 5066, 5081)
(10931, 80, 5023, 5036, 5049, 5063, 5071, 5072, 5080, 5087, 5094)
(10932, 99, 5068, 5054, 5046, 5039, 5033, 5032, 5031, 5024, 5016, 5015)
(10933, 93, 5076, 5068, 5054, 5046, 5039, 5027, 5019, 5018, 5010, 5002, 5001, 5000)
(10934, 83, 5006, 5013, 5020, 5027, 5039, 5053, 5059, 5066, 5073, 5072, 5079, 5092)
(10935, 78, 5091, 5078, 5063, 5049, 5041, 5035, 5022, 5015)
(10936, 9, 5048, 5062, 5077, 5084, 5091)
(10937, 23, 5036, 5049, 5063, 5071, 5072, 5080, 5093)
(10938, 73, 5021, 5020, 5019, 5018, 5025, 5038, 5051, 5065, 5080, 5093)
(10939, 70, 5010, 5025, 5031, 5037, 5042, 5049, 5056, 5062, 5077)
(10940, 78, 5102, 5101, 5100, 5092, 5079, 5064, 5050, 5037, 5024)
(10941, 60, 5051, 5038, 5025, 5010, 5002)
(10942, 42, 5021, 5020, 5027, 5039, 5053, 5067, 5082, 5095, 5102)
(10943, 43, 5039, 5045, 5052, 5058, 5065, 5072, 5071, 5078, 5091)
(10944, 87, 5021, 5020, 5019, 5018, 5025, 5038, 5051, 5065, 5080, 5093)
(10945, 23, 5062, 5048, 5035, 5022)
(10946, 29, 5025, 5038, 5051, 5058, 5066, 5081)
(10947, 24, 5086, 5079, 5071, 5063, 5049, 5041, 5035)
(10948, 63, 5043, 5051, 5058, 5066, 5081, 5094)
(10949, 48, 5078, 5063, 5049, 5041, 5035, 5022, 5007)
(10950, 66, 5020, 5019, 5018, 5025, 5031, 5037, 5042, 5049, 5056, 5062, 5077, 5090)
(10951, 30, 5011, 5019, 5027, 5039, 5053, 5067, 5082, 5088, 5089)
(10952, 22, 5091, 5078, 5063, 5049, 5041, 5035)
(10953, 11, 5055, 5069, 5083, 5097)
(10954, 39, 5040, 5055, 5069, 5083, 5097)
(10955, 66, 5102, 5094, 5081, 5066, 5058, 5051, 5038, 5031, 5024)
(10956, 71, 5036, 5049, 5063, 5071, 5072, 5080, 5087, 5094, 5102)
(10957, 13, 5048, 5035, 5022, 5007)
(10958, 66, 5064, 5050, 5037, 5024, 5009)
(10959, 47, 5079, 5064, 5050, 5043, 5044, 5045, 5039, 5027)
(10960, 58, 5079, 5071, 5063, 5049, 5041, 5035)
(10961, 63, 5011, 5019, 5020, 5021, 5029, 5040, 5055, 5069)
(10962, 101, 5103, 5102, 5094, 5081, 5073, 5072, 5071, 5063, 5049, 5041, 5035, 5022)
(10963, 83, 5091, 5078, 5063, 5049, 5041, 5035, 5022, 5015)
(10964, 3, 5051, 5058, 5066, 5081, 5094)
(10965, 72, 5072, 5064, 5050, 5037, 5024, 5009)
(10966, 33, 5044, 5045, 5053, 5067, 5082, 5095)
(10967, 84, 5062, 5048, 5035, 5022, 5015, 5008, 5001)
(10968, 29, 5069, 5055, 5040, 5029, 5014)
(10969, 56, 5015, 5023, 5036, 5042, 5043, 5051, 5058, 5066, 5074, 5082)
(10970, 44, 5025, 5038, 5051, 5058, 5066)
(10971, 2, 5036, 5049, 5063, 5070, 5077, 5090)
(10972, 55, 5048, 5035, 5022, 5007)
(10973, 14, 5033, 5039, 5053, 5067, 5082, 5095)
(10974, 90, 5034, 5040, 5055, 5061, 5060, 5059, 5058, 5065, 5072, 5071, 5070, 5077, 5090)
(10975, 65, 5085, 5079, 5064, 5050, 5037, 5024, 5017, 5018)
(10976, 5, 5012, 5027, 5039, 5053, 5067, 5082)
(10977, 76, 5078, 5063, 5049, 5042, 5037, 5024, 5017, 5018, 5019, 5020, 5021)
(10978, 62, 5005, 5006, 5014, 5029, 5040, 5055)
(10979, 87, 5087, 5081, 5066, 5052, 5045, 5039, 5027, 5012)
(10980, 35, 5081, 5066, 5058, 5051, 5038, 5025, 5010, 5003)
(10981, 40, 5068, 5054, 5046, 5039, 5027, 5020)
(10982, 68, 5041, 5049, 5063, 5071, 5072, 5073, 5074, 5082, 5088, 5089, 5097)
(10983, 38, 5049, 5041, 5035, 5022, 5015, 5008)
(10984, 62, 5058, 5051, 5038, 5031, 5024, 5016, 5008, 5000)
(10985, 41, 5069, 5055, 5040, 5029, 5014, 5006)
(10986, 44, 5081, 5066, 5058, 5051, 5038, 5025)
(10987, 67, 5030, 5036, 5042, 5043, 5044, 5045, 5053, 5067, 5082, 5088, 5089, 5097)
(10988, 25, 5100, 5092, 5079, 5071, 5063, 5049, 5041, 5035)
(10989, 36, 5034, 5040, 5047, 5046, 5053, 5067, 5082, 5095)
(10990, 10, 5045, 5053, 5067, 5082, 5088, 5096)
(10991, 15, 5056, 5048, 5035, 5022, 5007)
(10992, 50, 5037, 5043, 5051, 5065, 5080, 5093)
(10993, 13, 5055, 5069, 5083, 5097)
(10994, 10, 5045, 5053, 5067, 5082, 5095)
(10995, 78, 5020, 5019, 5018, 5025, 5031, 5037, 5042, 5049, 5056, 5062, 5077)
(10996, 92, 5087, 5081, 5066, 5059, 5060, 5061, 5055, 5040, 5029)
(10997, 53, 5004, 5003, 5010, 5025, 5038, 5051, 5065, 5072)
(10998, 73, 5077, 5062, 5048, 5041, 5042, 5043, 5038, 5025, 5018, 5019)
(10999, 19, 5050, 5037, 5024, 5009)
(11000, 15, 5051, 5038, 5025, 5010, 5002)
(11001, 84, 5091, 5078, 5063, 5049, 5042, 5043, 5038, 5025, 5010)
(11002, 59, 5020, 5019, 5018, 5025, 5031, 5037, 5042, 5049, 5063, 5078)
(11003, 11, 5068, 5054, 5046, 5039, 5027, 5019, 5018)
(11004, 70, 5000, 5008, 5023, 5036, 5049, 5063, 5071)
(11005, 23, 5051, 5065, 5080, 5093)
(11006, 84, 5042, 5043, 5051, 5058, 5066, 5074, 5082, 5088, 5089, 5097)
(11007, 38, 5055, 5040, 5029, 5021, 5020, 5019, 5018, 5010)
(11008, 75, 5097, 5083, 5069, 5055, 5040, 5029, 5021)
(11009, 19, 5083, 5069, 5055, 5040, 5029, 5021)
(11010, 83, 5008, 5023, 5036, 5049, 5063, 5071, 5072, 5073, 5074, 5082)
(11011, 37, 5034, 5040, 5055, 5069, 5083)
(11012, 55, 5058, 5051, 5038, 5025, 5010, 5002, 5001, 5000)
(11013, 32, 5029, 5040, 5055, 5069, 5083, 5097)
(11014, 94, 5097, 5083, 5069, 5055, 5047, 5046, 5039, 5027, 5019)
(11015, 89, 5021, 5020, 5027, 5039, 5053, 5059, 5066, 5073, 5072, 5071, 5070, 5077)
(11016, 68, 5068, 5054, 5046, 5039, 5027, 5019)
(11017, 31, 5030, 5036, 5049, 5063, 5071, 5072, 5080, 5093)
(11018, 47, 5049, 5063, 5071, 5072, 5080, 5087, 5094)
(11019, 81, 5000, 5008, 5023, 5036, 5042, 5043, 5051, 5058, 5066, 5074, 5082)
(11020, 36, 5066, 5058, 5051, 5038, 5025, 5018)
(11021, 20, 5063, 5049, 5042, 5037, 5024, 5009)
(11022, 27, 5062, 5048, 5035, 5022, 5007)
(11023, 41, 5019, 5027, 5039, 5053, 5067, 5082)
(11024, 26, 5017, 5025, 5038, 5051, 5065, 5080)
(11025, 81, 5087, 5081, 5066, 5059, 5060, 5061, 5055, 5040, 5029, 5014)
(11026, 27, 5100, 5092, 5079, 5071, 5063, 5049, 5041)
(11027, 51, 5033, 5039, 5053, 5067, 5082, 5088, 5089)
(11028, 55, 5050, 5037, 5024, 5009)
(11029, 22, 5096, 5088, 5082, 5067, 5060, 5054, 5046, 5039)
(11030, 89, 5022, 5030, 5036, 5049, 5063, 5071, 5072, 5073, 5074, 5075, 5076)
(11031, 83, 5021, 5020, 5027, 5039, 5053, 5059, 5066, 5073, 5072, 5079, 5092, 5099)
(11032, 77, 5079, 5064, 5050, 5043, 5044, 5045, 5039, 5027, 5012)
(11033, 97, 5020, 5027, 5039, 5053, 5059, 5066, 5081, 5087, 5093, 5100, 5099)
(11034, 37, 5002, 5010, 5018, 5019, 5027, 5039, 5046, 5054, 5068)
(11035, 71, 5067, 5059, 5058, 5051, 5038, 5025, 5010, 5002, 5001, 5000)
(11036, 85, 5068, 5054, 5046, 5039, 5027, 5012)
(11037, 28, 5063, 5049, 5042, 5037, 5024, 5017, 5010)
(11038, 58, 5079, 5064, 5050, 5037, 5024, 5016)
(11039, 22, 5017, 5018, 5019, 5027, 5039, 5053, 5067, 5082)
(11040, 5, 5036, 5049, 5063, 5071, 5072, 5080)
(11041, 48, 5020, 5027, 5039, 5053, 5067, 5082, 5088)
(11042, 95, 5090, 5077, 5070, 5071, 5072, 5073, 5074, 5067, 5060, 5061, 5055, 5040, 5029, 5014)
(11043, 1, 5055, 5069, 5083, 5097)
(11044, 3, 5039, 5053, 5067, 5082)
(11045, 52, 5083, 5069, 5055, 5040, 5029, 5014)
(11046, 83, 5031, 5032, 5033, 5039, 5053, 5067, 5082, 5088, 5089, 5097)
(11047, 13, 5039, 5053, 5067, 5082, 5095)
(11048, 8, 5049, 5063, 5078, 5085, 5092, 5100)
(11049, 54, 5083, 5069, 5055, 5040, 5029, 5021, 5020, 5019, 5011)
(11050, 37, 5055, 5069, 5083, 5097)
(11051, 31, 5040, 5055, 5069, 5083)
(11052, 39, 5051, 5058, 5066, 5081, 5094)
(11053, 5, 5079, 5064, 5050, 5037)
(11054, 37, 5048, 5035, 5022, 5007)
(11055, 1, 5037, 5050, 5064, 5079)
(11056, 91, 5059, 5058, 5051, 5038, 5031, 5024, 5016, 5008)
(11057, 70, 5021, 5020, 5019, 5018, 5025, 5031, 5037, 5042, 5049, 5063, 5078)
(11058, 26, 5067, 5059, 5058, 5051, 5038, 5025)
(11059, 98, 5097, 5089, 5088, 5082, 5067, 5059, 5058, 5051, 5038, 5025)
(11060, 66, 5079, 5064, 5050, 5037, 5024, 5017, 5018, 5019, 5020, 5013)
(11061, 68, 5033, 5039, 5053, 5067, 5082, 5095)
(11062, 70, 5090, 5077, 5062, 5048, 5041, 5042, 5043, 5038)
(11063, 84, 5007, 5022, 5030, 5036, 5049, 5063, 5071, 5072, 5080, 5087, 5094)
(11064, 26, 5017, 5025, 5038, 5051, 5065, 5080, 5093)
(11065, 70, 5012, 5027, 5039, 5053, 5067, 5082, 5088, 5089, 5097)
(11066, 18, 5045, 5053, 5067, 5082, 5095)
(11067, 55, 5002, 5010, 5018, 5019, 5027, 5039, 5053, 5067, 5082, 5095)
(11068, 65, 5051, 5058, 5066, 5074, 5082, 5088, 5089, 5097)
(11069, 67, 5019, 5018, 5025, 5031, 5037, 5042, 5049, 5063, 5078)
(11070, 14, 5030, 5036, 5049, 5063, 5071, 5079)
(11071, 21, 5050, 5037, 5024, 5009)
(11072, 23, 5011, 5019, 5027, 5039, 5053, 5067)
(11073, 30, 5050, 5064, 5079, 5092)
(11074, 38, 5047, 5055, 5069, 5083, 5097)
(11075, 43, 5050, 5037, 5024, 5009)
(11076, 75, 5038, 5044, 5045, 5053, 5067, 5082, 5088, 5089, 5097)
(11077, 33, 5050, 5037, 5024, 5016, 5008, 5000)
(11078, 15, 5027, 5039, 5053, 5067)
(11079, 74, 5007, 5022, 5030, 5036, 5049, 5063, 5071, 5072)
(11080, 10, 5040, 5055, 5069, 5083)
(11081, 21, 5033, 5039, 5053, 5059, 5066, 5081)
(11082, 75, 5006, 5013, 5020, 5027, 5039, 5045, 5052, 5066)
(11083, 7, 5067, 5059, 5058, 5051, 5038, 5025)
(11084, 8, 5053, 5067, 5082, 5088, 5096)
(11085, 96, 5097, 5089, 5088, 5082, 5067, 5059, 5058, 5051, 5038, 5025)
(11086, 1, 5012, 5027, 5039, 5053)
(11087, 79, 5006, 5013, 5020, 5027, 5039, 5053, 5059, 5066, 5081, 5094)
(11088, 95, 5082, 5067, 5059, 5066, 5073, 5072, 5071, 5063, 5049, 5041, 5035, 5030)
(11089, 38, 5008, 5023, 5036, 5049, 5063, 5071, 5079)
(11090, 23, 5064, 5050, 5037, 5024, 5009)
(11091, 85, 5034, 5040, 5055, 5061, 5060, 5059, 5066, 5073, 5072, 5079, 5092)
(11092, 35, 5006, 5014, 5029, 5040, 5055, 5069)
(11093, 56, 5037, 5043, 5044, 5045, 5053, 5067, 5082, 5088, 5089, 5097)
(11094, 84, 5023, 5036, 5049, 5063, 5071, 5072, 5073, 5074, 5082, 5088, 5089, 5097)
(11095, 54, 5097, 5083, 5069, 5055, 5047, 5046)
(11096, 54, 5065, 5051, 5038, 5025, 5018, 5019, 5020, 5013, 5006)
(11097, 92, 5081, 5073, 5072, 5064, 5050, 5037, 5024, 5016, 5008)
(11098, 90, 5088, 5082, 5067, 5059, 5066, 5073, 5072, 5071, 5063, 5049, 5041, 5035, 5022, 5007)
(11099, 94, 5006, 5013, 5020, 5019, 5018, 5025, 5038, 5051, 5065, 5072, 5071, 5070, 5077, 5090)
(11100, 86, 5097, 5083, 5069, 5055, 5040, 5029, 5014, 5006)
(11101, 1, 5053, 5067, 5082, 5095)
(11102, 53, 5091, 5078, 5063, 5049, 5042, 5037, 5024, 5017)
(11103, 41, 5007, 5022, 5035, 5048, 5062, 5077)
(11104, 17, 5044, 5045, 5053, 5067, 5082, 5088, 5096)
(11105, 38, 5062, 5056, 5049, 5042, 5037, 5024, 5017, 5010, 5003)
